2456992.5198700000 0.9899289111 0.0018297618 SWOPE
2456992.5222600000 0.9907118579 0.0008971784 SWOPE
2456992.5246400000 0.9904698423 0.0009152801 SWOPE
2456992.5267300000 0.9877582745 0.0009239802 SWOPE
2456992.5286900001 0.9870558698 0.0008915822 SWOPE
2456992.5306500001 0.9881100988 0.0008709921 SWOPE
2456992.5326100001 0.9882860748 0.0008895044 SWOPE
2456992.5345700001 0.9863706900 0.0009427172 SWOPE
2456992.5365300002 0.9882519889 0.0009466767 SWOPE
2456992.5384900002 0.9860195228 0.0009016059 SWOPE
2456992.5404599998 0.9877592655 0.0008983716 SWOPE
2456992.5424100002 0.9888342701 0.0009043797 SWOPE
2456992.5443799999 0.9887664971 0.0008994074 SWOPE
2456992.5468100002 0.9895812491 0.0009139765 SWOPE
2456992.5485899998 0.9882063571 0.0009127917 SWOPE
2456992.5505499998 0.9857106230 0.0009150066 SWOPE
2456992.5525199999 0.9870737427 0.0008944634 SWOPE
2456992.5544699999 0.9873135167 0.0009108017 SWOPE
2456992.5564400000 0.9882613269 0.0009124515 SWOPE
2456992.5583899999 0.9853322088 0.0008864244 SWOPE
2456992.5603600000 0.9866952794 0.0009181253 SWOPE
2456992.5623200000 0.9889122606 0.0008955925 SWOPE
2456992.5642900001 0.9850866101 0.0009258791 SWOPE
2456992.5682100002 0.9896430577 0.0009242916 SWOPE
2456992.5701600001 0.9897260337 0.0008991378 SWOPE
2456992.5740899998 0.9857306606 0.0008945261 SWOPE
2456992.5760400002 0.9890799508 0.0009201949 SWOPE
2456992.5780099998 0.9901559903 0.0009140207 SWOPE
2456992.5799699998 0.9904521975 0.0008878200 SWOPE
2456992.5819399999 0.9894937989 0.0009130627 SWOPE
2456992.5838899999 0.9888468321 0.0009198176 SWOPE
2456992.5858600000 0.9900716257 0.0009061526 SWOPE
2456992.5878099999 0.9899452372 0.0009037525 SWOPE
2456992.5897800000 0.9894439687 0.0008952593 SWOPE
2456992.5917400001 0.9913666425 0.0008994409 SWOPE
2456992.5937100002 0.9932896688 0.0009306347 SWOPE
2456992.5956600001 0.9940936917 0.0008932753 SWOPE
2456992.5976300002 0.9964979292 0.0009168476 SWOPE
2456992.5995800002 1.0005841264 0.0008904482 SWOPE
2456992.6015499998 0.9972188407 0.0009302918 SWOPE
2456992.6035099998 0.9988680624 0.0009431844 SWOPE
2456992.6054799999 1.0015425824 0.0009168857 SWOPE
2456992.6074299999 1.0024318550 0.0009521892 SWOPE
2456992.6094000000 1.0014265171 0.0009156651 SWOPE
2456992.6113499999 1.0007863473 0.0008751541 SWOPE
2456992.6133099999 1.0001603143 0.0009287519 SWOPE
2456992.6152800000 0.9992099924 0.0008862091 SWOPE
2456992.6172300000 1.0012158650 0.0009155414 SWOPE
2456992.6192000001 1.0010818604 0.0009136453 SWOPE
2456992.6211600001 0.9990617601 0.0009142044 SWOPE
2456992.6231200001 1.0010369006 0.0009410936 SWOPE
2456992.6250800001 1.0012975547 0.0009270460 SWOPE
2456992.6270499998 0.9997184238 0.0009396726 SWOPE
2456992.6290000002 0.9996682491 0.0008972939 SWOPE
2456992.6309600002 0.9973517222 0.0008898504 SWOPE
2456992.6329299998 0.9997302106 0.0009087488 SWOPE
2456992.6348799998 0.9978413364 0.0009095256 SWOPE
2456992.6368499999 1.0015483132 0.0009266428 SWOPE
2456992.6388099999 0.9972995122 0.0009264921 SWOPE
2456992.6407699999 1.0005291093 0.0009045838 SWOPE
2456992.6427300000 1.0008675837 0.0009509877 SWOPE
2456992.6447000001 0.9954363898 0.0009118827 SWOPE
2456992.6466500000 1.0034316313 0.0009315068 SWOPE
2456992.6486200001 1.0020998535 0.0009138527 SWOPE
